28,1
28,3
10,125
11,12
10,177
10,147
10,225
10,101
10,213
10,221
10,287
11,19
8,8
8,11
51,4
51,3
51,2
51,1
51,0
50,3
50,2
50,1
50,0
49,3
49,2
49,1
49,0
48,5
48,4
48,3
48,2
48,1
48,0
47,4
47,3
47,2
47,1
47,0
45,5
45,4
45,3
45,2
45,1
45,0
42,5
42,4
42,3
42,2
42,1
42,0
40,5
40,4
40,3
40,2
40,1
40,0
31,1
20,3
20,2
20,1
19,3
19,2
19,1
12,3
12,2
12,1
11,29
11,27
11,25
11,23
11,13
11,9
11,7
11,3
11,2
18,1
11,1
18,3
10,301
10,293
10,267
10,251
10,95
10,75
14,1
10,29
14,3
10,25
13,1
10,3
13,3
10,2
10,1
9,7
9,5
9,3
9,2
9,1
8,18
8,16
8,15
8,10
